57 20
58 20
58 19
59 19
60 18
61 17
62 17
62 16
63 16
63 15
64 15
64 14
65 14
65 13
66 13
66 12
65 12
63 12
61 12
61 11
59 11
58 11
55 11
55 10
50 10
49 10
39 10
34 10
33 11
30 11
29 11
28 11
27 12
25 12
23 12
22 12
21 13
20 13
19 13
18 14
17 14
16 14
16 15
15 15
14 16
13 16
12 17
11 17
11 18
10 18
9 19
8 19
7 20
7 21
6 21
6 22
5 22
5 23
4 23
4 24
3 25
3 26
2 26
2 27
1 28
1 29
1 30
0 31
0 33
0 40
0 42
1 42
1 43
1 44
1 45
2 45
2 46
2 47
3 47
3 48
4 48
4 49
5 50
6 51
6 52
7 52
7 53
8 53
8 54
9 54
9 55
10 55
11 56
12 56
13 56
13 57
14 57
15 57
15 58
16 58
17 58
17 59
18 59
19 59
20 59
20 60
21 60
22 60
23 61
24 61
25 61
27 61
27 62
29 62
32 62
33 63
37 63
38 63
51 63
56 63
56 62
59 62
62 62
62 61
64 61
66 61
66 60
67 60
68 60
69 60
69 59
70 59
71 59
72 58
73 58
74 57
75 57
76 56
77 56
78 56
78 55
79 55
80 54
80 53
81 53
82 52
83 51
84 50
84 49
85 49
85 48
86 48
86 47
87 46
87 45
87 44
88 44
88 43
88 42
88 41
88 32
88 30
88 29
87 28
87 27
86 26
86 25
85 25
85 24
84 23
83 22
82 21
81 20
80 19
79 19
79 18
78 18
78 19
77 19
76 19
76 20
75 20
74 21
73 22
73 23
72 23
72 24
71 24
71 25
70 25
69 26
68 26
67 26
67 27
66 27
66 28
67 28
67 29
67 30
68 30
68 32
68 40
68 41
68 42
67 43
67 44
67 45
66 45
66 46
66 47
65 48
64 48
64 49
63 49
63 50
62 50
62 51
61 51
60 52
59 52
59 53
58 53
57 53
56 54
55 54
54 54
53 54
52 55
49 55
39 55
36 55
36 54
34 54
32 54
32 53
31 53
30 53
29 52
28 52
28 51
27 51
26 50
25 50
25 49
24 49
24 48
23 48
23 47
22 47
22 46
22 45
21 44
21 43
21 42
20 41
20 39
20 34
20 32
21 32
21 30
21 29
22 29
22 28
22 27
23 26
24 25
25 24
26 23
27 23
27 22
28 22
29 21
30 21
30 20
31 20
32 20
33 20
33 19
35 19
37 19
51 19
53 19
54 19
55 19
56 20
57 20
57 21
56 21
55 22
54 22
53 23
52 23
51 23
51 24
50 24
49 24
48 25
47 25
46 25
45 25
45 34
49 34
49 33
52 33
54 33
55 32
56 32
58 32
58 31
59 31
60 31
60 30
61 30
62 30
63 29
64 29
64 28
65 28
66 28
66 27
67 27
67 26
68 26
69 26
70 25
71 25
71 24
72 24
72 23
73 23
73 22
74 21
75 20
76 20
76 19
77 19
78 19
78 18
79 18
80 18
80 17
81 17
82 17
83 16
84 16
85 16
86 15
88 15
92 15
92 63
113 63
113 62
114 62
114 61
115 61
116 60
117 59
117 58
118 58
119 57
120 56
121 56
122 55
123 54
124 54
124 53
125 52
126 51
127 51
127 50
128 50
128 49
129 49
130 48
131 48
131 47
132 47
132 46
133 46
133 45
134 45
134 44
135 44
136 43
137 42
138 41
139 41
139 40
140 40
140 39
141 39
142 38
143 37
144 37
144 36
145 36
145 35
146 35
146 34
147 34
148 33
149 32
150 31
151 30
152 29
153 28
153 27
154 27
154 26
155 26
155 25
156 24
156 25
156 26
156 28
155 28
155 34
155 62
155 63
173 63
174 62
174 11
175 11
175 12
176 12
176 13
177 13
177 14
178 14
179 15
180 16
181 17
182 17
182 18
183 18
183 19
184 19
184 20
185 20
186 21
187 22
188 23
189 24
190 24
190 25
191 26
192 26
192 27
193 27
194 28
195 29
196 30
197 30
197 31
198 32
199 33
200 34
201 34
202 35
203 36
204 37
203 38
202 39
201 40
200 41
199 41
198 42
197 43
197 44
196 44
195 45
194 46
193 47
192 48
191 48
190 49
190 50
189 50
189 51
188 51
188 52
187 52
186 53
185 54
184 55
183 56
182 56
182 57
181 57
181 58
180 58
180 59
179 59
178 60
177 61
176 62
176 63
196 63
197 62
202 57
203 57
209 51
214 46
218 49
223 54
228 58
233 63
252 63
249 59
248 59
244 56
240 51
239 51
235 47
234 47
230 43
226 39
224 38
227 35
231 32
234 28
235 28
238 25
239 25
242 21
243 21
246 18
247 18
250 15
254 12
255 11
233 11
225 19
214 29
213 29
208 24
202 19
196 13
193 11
155 11
154 12
153 12
151 14
149 16
148 16
146 18
144 19
142 21
141 21
139 23
137 25
135 27
134 27
132 29
130 31
128 33
127 33
125 34
123 36
120 39
113 46
110 49
109 49
109 48
110 48
110 46
110 45
110 11
91 11
91 7
82 7
80 7
79 8
77 8
76 8
75 9
74 9
73 9
73 10
72 10
71 10
70 11
69 11
68 12
67 12
66 12

