57 43
58 43
58 44
59 44
60 45
61 46
62 46
62 47
63 47
63 48
64 48
64 49
65 49
65 50
66 50
66 51
65 51
63 51
61 51
61 52
59 52
58 52
55 52
55 53
50 53
49 53
39 53
34 53
33 52
30 52
29 52
28 52
27 51
25 51
23 51
22 51
21 50
20 50
19 50
18 49
17 49
16 49
16 48
15 48
14 47
13 47
12 46
11 46
11 45
10 45
9 44
8 44
7 43
7 42
6 42
6 41
5 41
5 40
4 40
4 39
3 38
3 37
2 37
2 36
1 35
1 34
1 33
0 32
0 30
0 23
0 21
1 21
1 20
1 19
1 18
2 18
2 17
2 16
3 16
3 15
4 15
4 14
5 13
6 12
6 11
7 11
7 10
8 10
8 9
9 9
9 8
10 8
11 7
12 7
13 7
13 6
14 6
15 6
15 5
16 5
17 5
17 4
18 4
19 4
20 4
20 3
21 3
22 3
23 2
24 2
25 2
27 2
27 1
29 1
32 1
33 0
37 0
38 0
51 0
56 0
56 1
59 1
62 1
62 2
64 2
66 2
66 3
67 3
68 3
69 3
69 4
70 4
71 4
72 5
73 5
74 6
75 6
76 7
77 7
78 7
78 8
79 8
80 9
80 10
81 10
82 11
83 12
84 13
84 14
85 14
85 15
86 15
86 16
87 17
87 18
87 19
88 19
88 20
88 21
88 22
88 31
88 33
88 34
87 35
87 36
86 37
86 38
85 38
85 39
84 40
83 41
82 42
81 43
80 44
79 44
79 45
78 45
78 44
77 44
76 44
76 43
75 43
74 42
73 41
73 40
72 40
72 39
71 39
71 38
70 38
69 37
68 37
67 37
67 36
66 36
66 35
67 35
67 34
67 33
68 33
68 31
68 23
68 22
68 21
67 20
67 19
67 18
66 18
66 17
66 16
65 15
64 15
64 14
63 14
63 13
62 13
62 12
61 12
60 11
59 11
59 10
58 10
57 10
56 9
55 9
54 9
53 9
52 8
49 8
39 8
36 8
36 9
34 9
32 9
32 10
31 10
30 10
29 11
28 11
28 12
27 12
26 13
25 13
25 14
24 14
24 15
23 15
23 16
22 16
22 17
22 18
21 19
21 20
21 21
20 22
20 24
20 29
20 31
21 31
21 33
21 34
22 34
22 35
22 36
23 37
24 38
25 39
26 40
27 40
27 41
28 41
29 42
30 42
30 43
31 43
32 43
33 43
33 44
35 44
37 44
51 44
53 44
54 44
55 44
56 43
57 43
57 42
56 42
55 41
54 41
53 40
52 40
51 40
51 39
50 39
49 39
48 38
47 38
46 38
45 38
45 29
49 29
49 30
52 30
54 30
55 31
56 31
58 31
58 32
59 32
60 32
60 33
61 33
62 33
63 34
64 34
64 35
65 35
66 35
66 36
67 36
67 37
68 37
69 37
70 38
71 38
71 39
72 39
72 40
73 40
73 41
74 42
75 43
76 43
76 44
77 44
78 44
78 45
79 45
80 45
80 46
81 46
82 46
83 47
84 47
85 47
86 48
88 48
92 48
92 0
113 0
113 1
114 1
114 2
115 2
116 3
117 4
117 5
118 5
119 6
120 7
121 7
122 8
123 9
124 9
124 10
125 11
126 12
127 12
127 13
128 13
128 14
129 14
130 15
131 15
131 16
132 16
132 17
133 17
133 18
134 18
134 19
135 19
136 20
137 21
138 22
139 22
139 23
140 23
140 24
141 24
142 25
143 26
144 26
144 27
145 27
145 28
146 28
146 29
147 29
148 30
149 31
150 32
151 33
152 34
153 35
153 36
154 36
154 37
155 37
155 38
156 39
156 38
156 37
156 35
155 35
155 29
155 1
155 0
173 0
174 1
174 52
175 52
175 51
176 51
176 50
177 50
177 49
178 49
179 48
180 47
181 46
182 46
182 45
183 45
183 44
184 44
184 43
185 43
186 42
187 41
188 40
189 39
190 39
190 38
191 37
192 37
192 36
193 36
194 35
195 34
196 33
197 33
197 32
198 31
199 30
200 29
201 29
202 28
203 27
204 26
203 25
202 24
201 23
200 22
199 22
198 21
197 20
197 19
196 19
195 18
194 17
193 16
192 15
191 15
190 14
190 13
189 13
189 12
188 12
188 11
187 11
186 10
185 9
184 8
183 7
182 7
182 6
181 6
181 5
180 5
180 4
179 4
178 3
177 2
176 1
176 0
196 0
197 1
202 6
203 6
209 12
214 17
218 14
223 9
228 5
233 0
252 0
249 4
248 4
244 7
240 12
239 12
235 16
234 16
230 20
226 24
224 25
227 28
231 31
234 35
235 35
238 38
239 38
242 42
243 42
246 45
247 45
250 48
254 51
255 52
233 52
225 44
214 34
213 34
208 39
202 44
196 50
193 52
155 52
154 51
153 51
151 49
149 47
148 47
146 45
144 44
142 42
141 42
139 40
137 38
135 36
134 36
132 34
130 32
128 30
127 30
125 29
123 27
120 24
113 17
110 14
109 14
109 15
110 15
110 17
110 18
110 52
91 52
91 56
82 56
80 56
79 55
77 55
76 55
75 54
74 54
73 54
73 53
72 53
71 53
70 52
69 52
68 51
67 51
66 51

